000020
000040
000050
000060
000070
000075
000080
000087
000100
000105
000120
000140
000145
000150
000155
000157
000180
000210
000215
000220
000225
000227
000230
000240
000250
000270
000300
000320
000325
000370
000390
000400
000430
000440
000480
000490
000500
000520
000540
000545
000547
000590
000640
000650
000660
000670
000680
000700
000720
000725
000760
000810
000815
000850
000860
000880
000885
00088K
000890
000910
000950
000970
000990
000995
001000
001020
001040
001045
00104K
001060
001065
001067
001070
001080
001120
001130
001140
001200
001210
001230
001250
001260
001270
001275
001290
001340
001360
001380
001390
001420
001430
001440
001450
001460
001465
001470
001500
001510
001515
001520
001525
001527
001529
001530
001540
001550
001560
001570
001620
001630
001680
001685
001720
001725
001740
001745
001750
001755
001770
001780
001790
001795
001800
001810
001820
001840
001880
001940
002020
002025
002030
002070
002100
002140
002150
002170
002200
002210
002220
002230
002240
002270
002290
002300
002310
002320
002350
002355
002360
002380
002390
002410
002420
002450
002460
002600
002620
002630
002680
002690
002700
002710
002720
002760
002780
002785
002787
002790
002795
00279K
002800
002810
002820
002840
002870
002880
002900
002920
002960
002990
002995
003000
003010
003030
003060
003070
003075
003080
003090
003100
003120
003160
003200
003220
003230
003240
003280
003300
003310
003350
003380
003410
003415
003460
003465
003470
003475
003480
003490
003495
003520
003530
003535
003540
003545
003547
003550
003555
003560
003570
003580
003610
003620
003650
003670
003680
003690
003720
003780
003800
003830
003850
003920
003925
003960
004000
004020
004060
004080
004090
004100
004105
004140
004150
004170
004200
004250
004255
004270
004310
004360
004365
004370
004380
004410
004415
004430
004440
004450
004490
004540
004545
004560
004565
004590
004650
004690
004700
004710
004720
004770
004780
004800
004830
004835
004840
004870
004890
004910
004920
004960
004970
004980
004985
004990
00499K
005010
005030
005070
005090
005110
005160
005180
005190
005250
005257
005290
005300
005305
005320
005360
005380
005385
005387
005389
005390
005420
005430
005440
005450
005490
005500
005610
005670
005680
005690
005710
005720
005725
005740
005745
005750
005800
005810
005820
005830
005850
005860
005870
005880
005930
005935
005940
005945
005950
005960
005965
005990
006040
006050
006060
006090
006110
006120
006125
006140
006200
006220
006260
006280
006340
006345
006360
006370
006380
006390
006400
006405
006490
006570
006580
006620
006650
006660
006730
006740
006800
006805
00680K
006840
006880
006890
006910
006920
006980
007070
007110
007120
007160
007210
007280
007310
007330
007340
007370
007390
007460
007530
007540
007570
007575
007590
007610
007630
007660
007680
007690
007700
007720
007770
007810
007815
00781K
007820
007860
007980
008040
008060
00806K
008110
008250
008260
008290
008350
008355
008370
008420
008470
008490
008500
008560
008600
008700
008730
008770
008775
008800
008830
008870
008930
008970
009070
009140
009150
009155
009160
009180
009190
009200
009240
009270
009275
009290
009300
009310
009320
009410
009415
009420
009440
009450
009460
009470
009520
009540
009580
009620
009680
009730
009770
009780
009810
009830
009835
009970
010040
010050
010060
010100
010120
010130
010140
010145
010170
010240
010280
010400
010420
010470
010580
010600
010620
010640
010660
010690
010770
010780
010820
010950
010955
010960
011000
011040
011070
011080
011090
011150
011155
011170
011200
011210
011230
011280
011300
011320
011330
011370
011390
011420
011500
011560
011690
011700
011760
011780
011785
011790
011810
011930
012030
012160
012170
012200
012205
012280
012320
012330
012340
012450
012510
012600
012610
012620
012630
012690
012700
012750
012790
012800
012860
013000
013030
013120
013310
013360
013520
013570
013580
013700
013720
013810
013870
013890
013990
014100
014130
014160
014190
014200
014280
014285
014440
014470
014530
014570
014580
014620
014680
014710
014790
014820
014825
014830
014910
014915
014940
014970
014990
015020
015230
015260
015350
015360
015540
015590
015710
015750
015760
015860
015890
016090
016100
016250
016360
016380
016385
016450
016580
016590
016600
016610
016670
016710
016740
016790
016800
016880
016920
017000
017040
017180
017250
017370
017390
017480
017510
017550
017650
017670
017800
017810
017890
017900
017940
017960
018000
018120
018250
018260
018290
018310
018470
018500
018620
018670
018680
018700
018880
019010
019170
019175
019180
019210
019440
019490
019540
019550
019570
019590
019660
019680
019685
019770
019990
020000
020120
020150
020180
020400
020560
020710
020760
021040
021045
021050
021080
021240
021320
021650
021820
021880
022100
022220
023000
023150
023160
023350
023410
023440
023450
023460
023530
023590
023600
023760
023770
023790
023800
023810
023890
023900
023910
023960
024060
024070
024090
024110
024120
024720
024740
024800
024810
024830
024840
024850
024880
024890
024900
024910
024940
024950
025000
025320
025440
025530
025540
025550
025560
025620
025750
025770
025820
025860
025870
025880
025890
025900
025950
025980
026040
026150
026890
026910
026940
026960
027040
027050
027360
027410
027580
027710
027740
027830
027970
028040
028050
028080
028100
028150
028260
02826K
028300
028670
029460
029480
029530
029780
029960
030000
030190
030200
030210
030350
030520
030530
030610
030720
030790
030960
031310
031330
031390
031430
031440
031510
031820
031860
031980
032080
032190
032280
032350
032500
032540
032560
032580
032620
032640
032680
032685
032750
032790
032800
032820
032830
032850
032860
032940
032960
032980
033050
033100
033110
033130
033160
033170
033180
033200
033230
033240
033250
033270
033290
033310
033320
033340
033430
033500
033530
033540
033560
033600
033640
033660
033780
033790
033830
033920
034020
034120
034220
034230
034300
034310
034590
034730
03473K
034810
034830
034940
034950
035000
035080
035150
035200
035250
035290
035420
035460
035510
035600
035610
035620
035720
035760
035810
035890
035900
036000
036010
036030
036090
036120
036170
036180
036190
036200
036260
036420
036460
036480
036490
036530
036540
036560
036570
036580
036620
036630
036640
036670
036690
036710
036800
036810
036830
036890
036930
037030
037070
037230
037270
037330
037350
037370
037400
037440
037460
037560
037710
037760
037950
038010
038060
038070
038110
038160
038290
038340
038390
038460
038500
038530
038540
038620
038680
038870
038880
038950
039010
039020
039030
039130
039200
039230
039240
039290
039310
039340
039420
039440
039490
039560
039570
039610
039670
039740
039830
039840
039860
039980
040160
040300
040350
040420
040610
040910
041020
041140
041190
041440
041460
041510
041520
041590
041650
041830
041910
041920
041930
041960
042000
042040
042110
042370
042420
042500
042510
042520
042600
042660
042670
042700
042940
043090
043100
043150
043200
043220
043260
043290
043340
043360
043370
043590
043610
043650
043710
043910
044060
044180
044340
044380
044450
044480
044490
044780
044820
044960
045060
045100
045300
045340
045390
045510
045520
045660
045890
045970
046070
046110
046120
046140
046210
046310
046390
046440
046890
046940
046970
047040
047050
047080
047310
047400
047560
047770
047810
047820
047920
048260
048410
048430
048470
048530
048550
048770
048830
048870
048910
049070
049080
049120
049180
049430
049470
049480
049520
049550
049630
049720
049770
049800
049830
049950
049960
050090
050110
050120
050320
050540
050760
050860
050890
050960
051160
051360
051370
051380
051390
051490
051500
051600
051630
051780
051900
051905
051910
051915
051980
052020
052190
052220
052260
052300
052330
052400
052420
052460
052600
052670
052690
052710
052770
052790
052860
052900
053030
053050
053060
053110
053160
053210
053260
053270
053280
053290
053300
053350
053450
053580
053590
053610
053620
053660
053690
053700
053800
053950
053980
054040
054050
054090
054180
054210
054220
054300
054410
054450
054540
054620
054630
054670
054780
054800
054920
054930
054940
054950
055490
055550
056000
056080
056090
056190
056360
056700
056730
057030
057050
057500
057540
057680
057880
058110
058220
058400
058420
058430
058450
058470
058530
058610
058630
058650
058730
058820
058850
058860
059090
059100
059120
059210
060150
060230
060240
060250
060260
060280
060300
060310
060370
060380
060480
060540
060560
060570
060590
060720
060900
060980
061040
061250
061970
062860
062970
063080
063160
063170
063440
063570
063760
064090
064240
064260
064290
064350
064480
064510
064520
064550
064760
064800
064820
064960
065060
065130
065150
065170
065350
065370
065420
065440
065450
065500
065510
065530
065560
065570
065620
065650
065660
065680
065690
065710
065770
065940
065950
066110
066130
066310
066360
066410
066430
066570
066575
066590
066620
066670
066700
066790
066900
066910
066970
066980
067000
067010
067080
067160
067170
067280
067290
067310
067390
067570
067630
067730
067770
067830
067900
067920
067990
068050
068240
068270
068290
068330
068400
068760
068790
068930
068940
069080
069110
069140
069260
069330
069410
069460
069500
069510
069540
069620
069640
069660
069730
069920
069960
070300
070590
070960
071050
071055
071090
071200
071280
071320
071460
071670
071840
071850
071950
071970
072020
072130
072470
072520
072710
072770
072870
072950
072990
073010
073070
073110
073190
073240
073490
073540
073560
073570
073640
074430
074600
074610
075130
075180
075580
075970
076080
076610
077360
077500
077970
078000
078020
078070
078130
078140
078150
078160
078340
078350
078520
078590
078600
078650
078860
078890
078930
078935
078940
079000
079160
079170
079190
079370
079430
079550
079650
079810
079940
079950
079960
079970
079980
080000
080010
080160
080220
080420
080440
080470
080520
080530
080580
080720
081000
081150
081580
081660
082210
082270
082640
082660
082740
082800
082850
082920
083310
083420
083450
083470
083500
083550
083640
083650
083660
083790
083930
084010
084110
084180
084370
084650
084670
084680
084690
084695
084730
084850
084870
084990
085310
085370
08537M
085620
085660
085670
085810
085910
086040
086060
086250
086280
086390
086450
086520
086670
086790
086820
086890
086900
086960
086980
087010
087260
087600
087730
088130
088260
088290
088350
088390
088790
088800
088910
088980
089010
089030
089140
089150
089230
089470
089530
089590
089600
089790
089850
089890
089970
089980
090080
090150
090350
090355
090360
090370
090410
090430
090435
090460
090470
090710
090740
090850
091090
091120
091160
091170
091180
091220
091230
091340
091440
091580
091590
091700
091810
091970
091990
092040
092070
092130
092190
092200
092220
092230
092300
092440
092460
092600
092730
092780
092870
093050
093190
093230
093240
093320
093370
093380
093520
093640
093920
094170
094280
094360
094480
094800
094820
094840
094850
094860
094940
094970
095190
095270
095340
095500
095570
095610
095660
095700
095720
095910
096040
096240
096300
096350
096530
096610
096630
096640
096690
096760
096770
096775
096870
097230
097520
097780
097800
097870
097950
097955
098120
098460
098560
098660
099140
099190
099220
099320
099340
099350
099410
099440
099520
099750
100030
100090
100120
100130
100220
100250
100590
100660
100700
100790
100840
100910
101000
101060
101140
101160
101170
101240
101280
101330
101390
101400
101490
101530
101670
101680
101730
101930
102110
102120
102210
102260
102280
102460
102710
102780
102940
102960
102970
103140
103230
103590
103840
104040
104200
104460
104480
104520
104530
104540
104620
104700
104830
105010
105190
105330
105550
105560
105630
105740
105780
105840
106080
106190
106240
106520
107590
108230
108320
108380
108450
108490
108590
108670
108675
108790
108860
109070
109080
109610
109740
109820
109860
109960
110020
110790
110990
111110
111710
111770
111820
111870
112040
112240
112610
113810
114090
114100
114120
114190
114260
114450
114460
114470
114570
114630
114800
114810
114820
115160
115180
115310
115390
115440
115450
115480
115500
115530
115570
115610
115960
117460
117580
117670
117680
117690
117700
117730
118000
118990
119500
119610
119650
119830
119850
119860
120030
120110
120115
120240
121440
121600
121800
121850
121890
122090
122260
122310
122350
122450
122630
122640
122690
122870
122900
122990
123010
123040
123310
123320
123330
123410
123420
123570
123690
123700
123750
123840
123860
123890
124500
124560
125210
126560
126600
126640
126700
126870
126880
127120
127160
127710
128540
128660
128820
128940
129260
130500
130580
130660
130680
130730
130740
131030
131090
131100
131180
131220
131290
131370
131390
131400
131760
131890
131970
132030
133690
133750
133820
134060
134380
134580
134780
134790
136340
136480
136490
136510
136540
137400
137610
137930
137940
137950
138040
138070
138080
138230
138250
138360
138490
138520
138530
138540
138580
138610
138690
138910
138920
138930
139050
139130
139220
139230
139240
139250
139260
139270
139280
139290
139310
139320
139480
139660
139670
140070
140410
140520
140570
140580
140670
140700
140710
140860
140910
140950
141000
141020
141070
141080
142210
142280
142760
143160
143210
143240
143460
143540
143850
143860
144510
144600
144620
144960
145020
145210
145270
145670
145720
145850
145990
145995
147760
147830
147970
148020
148070
148140
148150
148250
149940
149950
149980
150460
150840
150900
151860
151910
152100
152280
152330
152380
152500
152550
152870
153130
153270
153360
153460
153490
153710
154030
154040
155650
155660
155900
156080
156100
157450
157490
157500
158310
158430
159580
159800
159910
160550
160580
160600
160980
161000
161390
161510
161570
161580
161890
163560
166090
166400
166480
167860
168300
168330
168490
168580
169950
170030
170350
170790
170900
170920
171010
171090
171120
172580
173130
173940
174350
174360
174880
174900
175140
175250
175330
176440
176710
176950
177350
177830
178320
178780
178920
179290
179900
180400
180640
18064K
181340
181480
181710
182360
182400
182480
182490
182690
183190
183300
183490
183700
183710
184230
185490
185680
185750
186230
187220
187270
187420
187790
187870
189300
189400
189690
189860
189980
190160
190510
190620
190650
191410
191420
192080
192090
192250
192390
192400
192410
192440
192650
192720
192820
193250
194370
194480
194510
194700
195440
195500
195870
195920
195930
195970
195980
195990
196030
196170
196230
196300
196450
196490
196700
197140
198080
198440
200030
200130
200230
200250
200470
200670
200710
200780
200880
201490
203450
203650
203690
203780
204020
204210
204270
204320
204450
204480
204620
204630
204840
204990
205100
205470
205500
205720
206400
206560
206640
206650
207760
207940
208140
208340
208350
208370
208470
208640
208710
208860
210540
210780
210980
211210
211260
211270
211560
211900
212560
213090
213420
213500
213610
213630
214150
214180
214260
214270
214310
214320
214330
214370
214390
214420
214430
214450
214680
214870
214980
215000
215090
215100
215200
215360
215380
215480
215600
215620
215790
216050
216080
217190
217270
217330
217480
217500
217600
217620
217730
217770
217780
217790
217820
218150
218410
218420
219130
219390
219420
219480
219550
219750
219900
220100
220130
220180
220260
220630
221610
221840
221980
222040
222080
222110
222420
222800
222810
222980
223190
223250
223310
224060
224110
225030
225040
225050
225060
225130
225190
225330
225430
225530
225570
225590
225800
226320
226330
226340
226350
226360
226380
226400
226440
226490
226950
226980
227100
227540
227550
227560
227570
227610
227830
227840
227950
228340
228670
228760
228790
228800
228810
228820
228850
229000
229200
229640
229720
230240
230360
230480
230980
232080
232140
233160
233740
234080
234100
234300
234310
234340
234690
234920
235980
236200
236350
237350
237370
237440
237690
237750
237820
237880
238090
238120
238200
238490
238670
238720
239340
239610
239660
240810
241180
241390
241520
241560
241590
241690
241710
241770
241790
241820
241840
242040
243070
243840
243880
243890
244460
244580
244620
244660
244670
245340
245350
245360
245620
245710
246690
246710
246720
246960
247540
247780
247790
247800
248170
248260
248270
249420
250000
250060
250730
250780
250930
251270
251340
251350
251370
251590
251600
251630
251890
251970
252000
252400
252410
252420
252500
252650
252670
252710
252720
252730
253150
253160
253230
253240
253250
253280
253290
253450
253590
253840
254120
255220
255440
256150
256440
256450
256630
256750
256840
256940
257370
258610
258790
258830
259630
260200
260270
260660
260930
261060
261070
261110
261120
261140
261200
261220
261240
261250
261260
261270
261920
263020
263050
263190
263540
263600
263690
263700
263720
263750
263770
263800
263810
263860
263920
264450
264660
264850
264900
26490K
265520
265560
265690
266140
266160
266360
266370
266390
266410
266420
266550
267250
267260
267270
267290
267320
267440
267450
267490
267500
267770
267790
267850
267980
268280
268600
269370
269420
269530
269540
269620
270520
270800
270810
270870
271050
271060
271560
271980
272110
272210
272220
272230
272290
272450
272550
272560
272570
272580
272910
273060
273130
273140
274090
275280
275290
275300
275630
275750
275980
276000
276650
276970
276990
277070
277410
277480
277540
277630
277640
277650
278240
278280
278420
278530
278540
278620
278650
279410
279530
279540
279600
280320
280360
280920
280930
280940
281410
281740
281820
281990
282000
282330
282690
282880
283580
284430
284620
284740
284980
284990
285000
285010
285020
285130
28513K
285490
285690
286750
286940
287180
287300
287310
287320
287330
287410
288330
288620
289010
289040
289080
289250
289260
289480
289670
290080
290120
290130
290270
290380
290510
290550
290650
290660
290670
290720
290740
291130
291210
291230
291610
291620
291630
291660
291680
291890
292050
292100
292110
292120
292130
292140
292150
292160
292190
292340
292500
292560
292570
292580
292590
292730
292750
292770
293180
293480
293580
293780
293940
294140
294400
294630
294870
295000
295020
295040
295820
296710
297090
297570
297890
298000
298020
298040
298050
298060
298340
298380
298690
298770
299070
299080
299170
299660
299900
299910
300080
300120
300280
300290
300300
300310
300610
300640
300720
300950
301400
301410
301440
302170
302180
302190
302200
302210
302430
302450
302550
303030
304660
304670
304760
304770
304780
304940
305050
305080
305090
305540
305720
306040
306200
306520
306530
306540
306620
306950
306960
307010
307020
307070
307160
307180
307280
307510
307520
307610
307620
307750
307870
307930
307950
308100
308170
308620
309170
309210
309230
309930
310080
310200
310840
310870
310960
310970
311270
311390
311690
312610
313750
313760
314250
314700
315270
315480
315930
315960
316140
316300
316670
317030
317120
317240
317320
317330
317400
317530
317770
317830
317850
317870
318000
318010
319400
319640
319660
319870
320000
321260
321410
321550
322000
322120
322130
322150
322180
322400
322410
322510
322780
323210
323230
323280
323940
325010
325020
326230
326240
327260
328370
328380
329200
329560
329650
329660
329670
329750
330590
330990
331380
331520
331910
332290
332500
332610
332620
332710
332930
332940
333050
333430
333940
333950
333960
333970
333980
334690
334700
335870
335890
336060
336160
336260
33626K
33626L
336370
33637K
33637L
336570
337120
337140
337150
337160
337450
338100
339950
340120
340350
340360
340440
341160
341850
342140
342500
342550
342600
342610
342620
344050
344820
346000
347140
349720
351320
352540
352560
353190
353200
35320K
353810
354240
354350
354500
500001
500002
500003
500004
500005
500006
500007
500008
500009
500010
500011
500012
500013
500014
500015
500016
500017
500018
500019
500020
500021
500022
500023
500024
500027
500028
500029
500030
500031
500032
500035
500036
500037
500038
500039
500040
500041
500042
500043
500044
500045
500046
500047
500048
500049
500050
500051
500052
500053
500054
510001
510002
510003
510004
510005
510006
510007
510008
510009
510010
510011
520003
520004
520005
520006
520007
520009
520010
520011
520012
520013
520014
520015
520020
520021
520026
530002
530003
530004
530005
530006
530007
530008
530009
530010
530011
530012
530013
530014
530015
530016
530017
530018
530019
530020
530021
530022
530023
530031
530032
530033
530036
530037
530038
530053
530055
530056
530060
530061
530062
530063
530064
530065
530066
530067
550001
550002
550004
550005
550006
550007
550008
550009
550010
550011
550012
550013
550014
550015
550016
550018
550026
550033
550041
550042
550043
550044
550045
550046
550047
550052
550053
550054
550055
550056
550057
550058
570003
570008
570009
570019
570020
570021
570022
570023
570024
570025
570026
570027
570028
570029
570030
570031
570032
570034
570035
570036
570037
570038
570042
570043
570044
570045
570046
570047
570048
570049
580006
580007
580008
580009
580010
590003
590004
590005
590006
590007
590008
590009
590010
590011
590012
590013
590016
590017
590018
700001
900070
900080
900100
900110
900120
900140
900250
900260
900270
900280
900290
900300
900310
900340
950110
950130
950140
950160
950170
950180
